0 -40
-1 -40
-2 -40
-3 -40
-4 -40
-5 -40
-6 -40
-7 -40
-8 -40
-9 -40
-10 -40
-11 -40
-12 -40
-13 -40
-14 -40
-15 -40
-16 -40
-17 -40
-18 -40
-19 -40
-20 -40
-21 -40
-22 -40
-23 -40
-24 -40
-25 -40
-26 -40
-27 -40
-28 -40
-29 -40
-30 -40
-31 -40
-32 -40
-33 -40
-34 -40
-35 -40
-36 -40
-37 -40
-38 -40
-39 -40
-40 -40
-41 -40
-42 -40
-43 -40
-44 -40
-45 -40
-46 -40
-47 -40
-48 -40
-49 -40
-50 -40
-51 -40
-52 -40
-53 -40
-54 -40
-55 -40
-56 -40
-57 -40
-58 -40
-59 -40
-60 -40
-60.9999 -39.9875
-61.9992 -39.95
-62.9972 -39.8876
-63.9933 -39.8002
-64.987 -39.6879
-65.9775 -39.5508
-66.9643 -39.3891
-67.9468 -39.2027
-68.9243 -38.9918
-69.8962 -38.7565
-70.8619 -38.497
-71.8208 -38.2135
-72.7724 -37.906
-73.7159 -37.5749
-74.6509 -37.2203
-75.5767 -36.8424
-76.4928 -36.4415
-77.3986 -36.0179
-78.2935 -35.5717
-79.177 -35.1033
-80.0485 -34.613
-80.9075 -34.101
-81.7534 -33.5677
-82.5857 -33.0134
-83.4039 -32.4385
-84.2075 -31.8434
-84.9959 -31.2283
-85.7687 -30.5937
-86.5254 -29.94
-87.2655 -29.2676
-87.9886 -28.5768
-88.6942 -27.8683
-89.3819 -27.1423
-90.0512 -26.3993
-90.7017 -25.6399
-91.3331 -24.8644
-91.9448 -24.0734
-92.5366 -23.2673
-93.1081 -22.4467
-93.6588 -21.6121
-94.1886 -20.764
-94.6969 -19.9029
-95.1836 -19.0293
-95.6483 -18.1439
-96.0907 -17.2471
-96.5105 -16.3395
-96.9076 -15.4217
-97.2816 -14.4943
-97.6322 -13.5579
-97.9594 -12.6129
-98.2628 -11.6601
-98.5423 -10.7
-98.7977 -9.73318
-99.0289 -8.76029
-99.2357 -7.78194
-99.418 -6.79872
-99.5756 -5.81124
-99.7085 -4.82014
-99.8166 -3.82603
-99.8998 -2.82952
-99.9581 -1.83125
-99.9913 -0.831828
-99.9996 0.16811
-100	1
-100	2
-100	3
-100	4
-100	5
-100	6
-100	7
-100	8
-100	9
-100	10
-100	11
-100	12
-100	13
-100	14
-100	15
-100	16
-100	17
-100	18
-100	19
-100	20
-100	21
-100	22
-100	23
-100	24
-100	25
-100	26
-100	27
-100	28
-100	29
-100	30
-100	31
-100	32
-100	33
-100	34
-100	35
-100	36
-100	37
-100	38
-100	39
-100	40
-100	41
-100	42
-100	43
-100	44
-100	45
-100	46
-100	47
-100	48
-100	49
-100	50
-100	51
-100	52
-100	53
-100	54
-100	55
-100	56
-100	57
-100	58
-100	59
-100	60
-100	61
-100	62
-100	63
-100	64
-100	65
-100	66
-100	67
-100	68
-100	69
-100	70
-100	71
-100	72
-100	73
-100	74
-100	75
-100	76
-100	77
-100	78
-100	79
-100	80
-100	81
-100	82
-100	83
-100	84
-100	85
-100	86
-100	87
-100	88
-100	89
-100	90
-100	91
-100	92
-100	93
-100	94
-100	95
-100	96
-100	97
-100	98
-100	99
-100	100
-100	101
-100	102
-100	103
-100	104
-100	105
-100	106
-100	107
-100	108
-100	109
-100	110
-100	111
-100	112
-100	113
-100	114
-100	115
-100	116
-100	117
-100	118
-100	119
-99.999600	120.16811
-99.982900	121.16794
-99.941300	122.16705
-99.874600	123.1648
-99.783000	124.16057
-99.666600	125.15374
-99.525400	126.14369
-99.359400	127.1298
-99.168900	128.11145
-98.953900	129.08804
-98.714600	130.0589
-98.451000	131.0236
-98.163400	131.9813
-97.852000	132.9315
-97.516900	133.8737
-97.158400	134.8072
-96.776700	135.7314
-96.371900	136.6458
-95.944500	137.5498
-95.494500	138.4429
-95.022400	139.3244
-94.528400	140.1938
-94.012800	141.0506
-93.476000	141.8943
-92.918200	142.7243
-92.339900	143.54
-91.741300	144.3411
-91.122900	145.1269
-90.485100	145.8971
-89.828200	146.651
-89.152700	147.3883
-88.458900	148.1085
-87.747400	148.8111
-87.018500	149.4958
-86.272800	150.1619
-85.510600	150.8093
-84.732500	151.4373
-83.938900	152.0458
-83.130300	152.6342
-82.307300	153.2022
-81.470400	153.7494
-80.620000	154.2756
-79.756800	154.7803
-78.881200	155.2633
-77.993800	155.7243
-77.095200	156.1629
-76.185800	156.5789
-75.266400	156.9721
-74.337400	157.3422
-73.399500	157.6889
-72.453100	158.0121
-71.499100	158.3115
-70.537800	158.587
-69.569900	158.8383
-68.596000	159.0654
-67.616800	159.2681
-66.632800	159.4462
-65.644700	159.5997
-64.653000	159.7284
-63.658500	159.8323
-62.661600	159.9114
-61.663100	159.9654
-60.663600	159.9945
-59.0001	159.982
-58.0008	159.9445
-57.0028	159.8821
-56.0067	159.7947
-55.013	159.6824
-54.0225	159.5453
-53.0357	159.3836
-52.0532	159.1972
-51.0757	158.9863
-50.1038	158.751
-49.1381	158.4915
-48.1792	158.208
-47.2276	157.9005
-46.2841	157.5694
-45.3491	157.2148
-44.4233	156.8369
-43.5072	156.436
-42.6014	156.0124
-41.7065	155.5662
-40.823	155.0978
-39.9515	154.6075
-39.0925	154.0955
-38.2466	153.5622
-37.4143	153.0079
-36.5961	152.433
-35.7925	151.8379
-35.0041	151.2228
-34.2313	150.5882
-33.4746	149.9345
-32.7345	149.2621
-32.0114	148.5713
-31.3058	147.8628
-30.6181	147.1368
-29.9488	146.3938
-29.2983	145.6344
-28.6669	144.8589
-28.0552	144.0679
-27.4634	143.2618
-26.8919	142.4412
-26.3412	141.6066
-25.8114	140.7585
-25.3031	139.8974
-24.8164	139.0238
-24.3517	138.1384
-23.9093	137.2416
-23.4895	136.334
-23.0924	135.4162
-22.7184	134.4888
-22.3678	133.5524
-22.0406	132.6074
-21.7372	131.6546
-21.4577	130.6945
-21.2023	129.72768
-20.9711	128.75479
-20.7643	127.77644
-20.582	126.79322
-20.4244	125.80574
-20.2915	124.81464
-20.1834	123.82053
-20.1002	122.82402
-20.0419	121.82575
-20.0087	120.826328
-20	120
-20	119
-20	118
-20	117
-20	116
-20	115
-20	114
-20	113
-20	112
-20	111
-20	110
-20	109
-20	108
-20	107
-20	106
-20	105
-20	104
-20	103
-20	102
-20	101
-20	100
-20	99
-20	98
-20	97
-20	96
-20	95
-20	94
-20	93
-20	92
-20	91
-20	90
-20	89
-20	88
-20	87
-20	86
-20	85
-20	84
-20	83
-20	82
-20	81
-20	80
-19.9913 79.168172
-19.9581 78.16875
-19.8998 77.17048
-19.8166 76.17397
-19.7085 75.17986
-19.5756 74.18876
-19.418	73.20128
-19.2357	72.21806
-19.0289	71.23971
-18.7977	70.26682
-18.5423	69.3
-18.2628	68.3399
-17.9594	67.3871
-17.6322	66.4421
-17.2816	65.5057
-16.9076	64.5783
-16.5105	63.6605
-16.0907	62.7529
-15.6483	61.8561
-15.1836	60.9707
-14.6969	60.0971
-14.1886	59.236
-13.6588	58.3879
-13.1081	57.5533
-12.5366	56.7327
-11.9448	55.9266
-11.3331	55.1356
-10.7017	54.3601
-10.0512	53.6007
-9.3819	52.8577
-8.6942	52.1317
-7.9886	51.4232
-7.2655	50.7324
-6.5254	50.06
-5.7687	49.4063
-4.9959	48.7717
-4.2075	48.1566
-3.4039	47.5615
-2.5857	46.9866
-1.7534	46.4323
-0.9075	45.899
-0.0485	45.387
0.823	44.8967
1.7065	44.4283
2.6014	43.9821
3.5072	43.5585
4.4233	43.1576
5.3491	42.7797
6.2841	42.4251
7.2276	42.094
8.1792	41.7865
9.1381	41.503
10.1038	41.2435
11.0757	41.0082
12.0532	40.7973
13.0357	40.6109
14.0225	40.4492
15.013	40.3121
16.0067	40.1998
17.0028	40.1124
18.0008	40.05
19 40
20 40
21 40
22 40
23 40
24 40
25 40
26 40
27 40
28 40
29 40
30 40
31 40
32 40
33 40
34 40
35 40
36 40
37 40
38 40
39 40
40 40
41 40
42 40
43 40
44 40
45 40
46 40
47 40
48 40
49 40
50 40
51 40
52 40
53 40
54 40
55 40
56 40
57 40
58 40
59 40
60 40
61	40
62	40
63	40
64	40
65	40
66	40
67	40
68	40
69	40
70	40
71	40
72	40
73	40
74	40
75	40
76	40
77	40
78	40
79	40
80	40
81	40
82	40
83	40
84	40
85	40
86	40
87	40
88	40
89	40
90	40
91	40
92	40
93	40
94	40
95	40
96	40
97	40
98	40
99	40
100	40
101	40
102	40
103	40
104	40
105	40
106	40
107	40
108	40
109	40
110	40
111	40
112	40
113	40
114	40
115	40
116	40
117	40
118	40
119	40
120	40
120.9999	39.9875
121.9992	39.95
122.9972	39.8876
123.9933	39.8002
124.987	39.6879
125.9775	39.5508
126.9643	39.3891
127.9468	39.2027
128.9243	38.9918
129.8962	38.7565
130.8619	38.497
131.8208	38.2135
132.7724	37.906
133.7159	37.5749
134.6509	37.2203
135.5767	36.8424
136.4928	36.4415
137.3986	36.0179
138.2935	35.5717
139.177	35.1033
140.0485	34.613
140.9075	34.101
141.7534	33.5677
142.5857	33.0134
143.4039	32.4385
144.2075	31.8434
144.9959	31.2283
145.7687	30.5937
146.5254	29.94
147.2655	29.2676
147.9886	28.5768
148.6942	27.8683
149.3819	27.1423
150.0512	26.3993
150.7017	25.6399
151.3331	24.8644
151.9448	24.0734
152.5366	23.2673
153.1081	22.4467
153.6588	21.6121
154.1886	20.764
154.6969	19.9029
155.1836	19.0293
155.6483	18.1439
156.0907	17.2471
156.5105	16.3395
156.9076	15.4217
157.2816	14.4943
157.6322	13.5579
157.9594	12.6129
158.2628	11.6601
158.5423	10.7
158.7977	9.73318
159.0289	8.76029
159.2357	7.78194
159.418	6.79872
159.5756	5.81124
159.7085	4.82014
159.8166	3.82603
159.8998	2.82952
159.9581	1.83125
159.9913	0.831828
159.9996	-0.16811
159.9829	-1.16794
159.9413	-2.16705
159.8746	-3.1648
159.783	-4.16057
159.6666	-5.15374
159.5254	-6.14369
159.3594	-7.1298
159.1689	-8.11145
158.9539	-9.08804
158.7146	-10.0589
158.451	-11.0236
158.1634	-11.9813
157.852	-12.9315
157.5169	-13.8737
157.1584	-14.8072
156.7767	-15.7314
156.3719	-16.6458
155.9445	-17.5498
155.4945	-18.4429
155.0224	-19.3244
154.5284	-20.1938
154.0128	-21.0506
153.476	-21.8943
152.9182	-22.7243
152.3399	-23.54
151.7413	-24.3411
151.1229	-25.1269
150.4851	-25.8971
149.8282	-26.651
149.1527	-27.3883
148.4589	-28.1085
147.7474	-28.8111
147.0185	-29.4958
146.2728	-30.1619
145.5106	-30.8093
144.7325	-31.4373
143.9389	-32.0458
143.1303	-32.6342
142.3073	-33.2022
141.4704	-33.7494
140.62	-34.2756
139.7568	-34.7803
138.8812	-35.2633
137.9938	-35.7243
137.0952	-36.1629
136.1858	-36.5789
135.2664	-36.9721
134.3374	-37.3422
133.3995	-37.6889
132.4531	-38.0121
131.4991	-38.3115
130.5378	-38.587
129.5699	-38.8383
128.596	-39.0654
127.6168	-39.2681
126.6328	-39.4462
125.6447	-39.5997
124.653	-39.7284
123.6585	-39.8323
122.6616	-39.9114
121.6631	-39.9654
120.6636	-39.9945
120	-40
119	-40
118	-40
117	-40
116	-40
115	-40
114	-40
113	-40
112	-40
111	-40
110	-40
109	-40
108	-40
107	-40
106	-40
105	-40
104	-40
103	-40
102	-40
101	-40
100	-40
99	-40
98	-40
97	-40
96	-40
95	-40
94	-40
93	-40
92	-40
91	-40
90	-40
89	-40
88	-40
87	-40
86	-40
85	-40
84	-40
83	-40
82	-40
81	-40
80	-40
79	-40
78	-40
77	-40
76	-40
75	-40
74	-40
73	-40
72	-40
71	-40
70	-40
69	-40
68	-40
67	-40
66	-40
65	-40
64	-40
63	-40
62	-40
61	-40
60	-40
59	-40
58	-40
57	-40
56	-40
55	-40
54	-40
53	-40
52	-40
51	-40
50	-40
49	-40
48	-40
47	-40
46	-40
45	-40
44	-40
43	-40
42	-40
41	-40
40	-40
39	-40
38	-40
37	-40
36	-40
35	-40
34	-40
33	-40
32	-40
31	-40
30	-40
29	-40
28	-40
27	-40
26	-40
25	-40
24	-40
23	-40
22	-40
21	-40
20	-40
19	-40
18	-40
17	-40
16	-40
15	-40
14	-40
13	-40
12	-40
11	-40
10	-40
9	-40
8	-40
7	-40
6	-40
5	-40
4	-40
3	-40
2	-40
1	-40
