-66.1 0.1
-66.2 0.6
-66.0 1.2
-66.0 1.9
-65.9 2.5
-65.8 3.4
-65.7 4.1
-65.6 4.8
-65.5 5.3
-65.4 6.0
-65.2 6.7
-65.0 7.6
-64.9 8.2
-64.7 8.9
-64.5 9.6
-64.3 10.3
-64.1 11.0
-63.9 11.6
-63.6 12.2
-63.4 12.8
-63.2 13.4
-62.9 14.1
-62.6 14.7
-62.2 15.3
-61.9 15.9
-61.6 16.5
-61.3 17.1
-60.9 17.7
-60.4 18.5
-60.0 19.0
-59.6 19.6
-59.1 20.1
-58.7 20.6
-58.3 21.0
-57.9 21.5
-57.4 21.9
-57.0 22.3
-56.6 22.7
-56.2 23.1
-55.7 23.4
-55.3 23.8
-54.9 24.1
-54.4 24.4
-54.0 24.7
-53.6 25.0
-53.2 25.2
-52.7 25.5
-52.3 25.8
-51.9 26.0
-51.5 26.2
-51.0 26.4
-50.6 26.6
-50.2 26.9
-49.7 27.1
-49.3 27.2
-48.9 27.4
-48.5 27.6
-48.0 27.7
-47.6 27.9
-47.2 28.1
-46.7 28.2
-46.3 28.3
-45.9 28.4
-45.5 28.6
-45.0 28.7
-44.6 28.8
-44.2 28.9
-43.8 29.0
-43.3 29.1
-42.9 29.2
-42.5 29.3
-42.0 29.4
-41.6 29.4
-41.2 29.5
-40.8 29.6
-40.3 29.7
-39.9 29.7
-39.5 29.8
-39.0 29.7
-38.6 29.7
-38.2 29.7
-37.8 29.7
-37.3 29.7
-36.9 29.7
-36.5 29.7
-36.1 29.7
-35.6 29.7
-35.2 29.7
-34.8 29.7
-34.3 29.7
-33.9 29.7
-33.5 29.7
-33.1 29.7
-32.6 29.7
-32.2 29.7
-31.8 29.7
-31.4 29.7
-30.9 29.7
-30.5 29.7
-30.1 29.7
-29.6 29.7
-29.2 29.7
-28.8 29.7
-28.4 29.7
-27.9 29.7
-27.5 29.7
-27.1 29.7
-26.6 29.7
-26.2 29.7
-25.8 29.7
-25.4 29.7
-24.9 29.7
-24.5 29.7
-24.1 29.7
-23.7 29.7
-23.2 29.7
-22.8 29.7
-22.4 29.7
-21.9 29.7
-21.5 29.7
-21.1 29.7
-20.7 29.7
-20.2 29.7
-19.8 29.7
-19.4 29.7
-18.9 29.7
-18.5 29.7
-18.1 29.7
-17.7 29.7
-17.2 29.7
-16.8 29.7
-16.4 29.7
-16.0 29.7
-15.5 29.7
-15.1 29.7
-14.7 29.7
-14.2 29.7
-13.8 29.7
-13.4 29.7
-13.0 29.7
-12.5 29.7
-12.1 29.7
-11.7 29.7
-11.3 29.7
-10.8 29.7
-10.4 29.7
-10.0 29.7
-9.5 29.7
-9.1 29.7
-8.7 29.7
-8.3 29.7
-7.8 29.7
-7.4 29.7
-7.0 29.7
-6.5 29.7
-6.1 29.7
-5.7 29.7
-5.3 29.7
-4.8 29.7
-4.4 29.7
-4.0 29.7
-3.6 29.7
-3.1 29.7
-2.7 29.7
-2.3 29.7
-1.8 29.7
-1.4 29.7
-1.0 29.7
-0.6 29.7
-0.1 29.7
0.3 29.7
0.7 29.7
1.2 29.7
1.6 29.7
2.0 29.7
2.4 29.7
2.9 29.7
3.3 29.7
3.7 29.7
4.1 29.7
4.6 29.7
5.0 29.7
5.4 29.7
5.9 29.7
6.3 29.7
6.7 29.7
7.1 29.7
7.6 29.7
8.0 29.7
8.4 29.7
8.9 29.7
9.3 29.7
9.7 29.7
10.1 29.7
10.6 29.7
11.0 29.7
11.4 29.7
11.8 29.7
12.3 29.7
12.7 29.7
13.1 29.7
13.6 29.7
14.0 29.7
14.4 29.7
14.8 29.7
15.3 29.7
15.7 29.7
16.1 29.7
16.5 29.7
17.0 29.7
17.4 29.7
17.8 29.7
18.3 29.7
18.7 29.7
19.1 29.7
19.5 29.7
20.0 29.7
20.4 29.7
20.8 29.7
21.3 29.7
21.7 29.7
22.1 29.7
22.5 29.7
23.0 29.7
23.4 29.7
23.8 29.7
24.2 29.7
24.7 29.7
25.1 29.7
25.5 29.7
26.0 29.7
26.4 29.7
26.8 29.7
27.2 29.7
27.7 29.7
28.1 29.7
28.5 29.7
29.0 29.7
29.4 29.7
29.8 29.7
30.2 29.7
30.7 29.7
31.1 29.7
31.5 29.7
31.9 29.7
32.4 29.7
32.8 29.7
33.2 29.7
33.7 29.7
34.1 29.7
34.5 29.7
34.9 29.7
35.4 29.7
35.8 29.7
36.2 29.7
36.6 29.7
37.1 29.7
37.5 29.7
37.9 29.7
38.4 29.7
38.8 29.7
39.2 29.7
39.6 29.7
40.1 29.7
40.5 29.7
40.9 29.7
41.4 29.7
41.8 29.7
42.2 29.7
42.6 29.7
43.1 29.8
43.5 29.7
43.9 29.7
44.3 29.6
44.8 29.5
45.2 29.5
45.6 29.4
46.1 29.4
46.5 29.2
46.9 29.2
47.3 29.1
47.8 29.0
48.2 28.9
48.6 28.7
49.1 28.6
49.5 28.5
49.9 28.4
50.3 28.2
50.8 28.1
51.2 27.9
51.6 27.7
52.0 27.6
52.5 27.4
52.9 27.2
53.3 27.0
53.8 26.8
54.2 26.6
54.6 26.3
55.0 26.0
55.5 25.8
55.9 25.5
56.3 25.2
56.7 24.9
57.2 24.6
57.6 24.2
58.0 23.9
58.5 23.5
58.9 23.1
59.3 22.7
59.7 22.2
60.2 21.7
60.6 21.2
61.0 20.7
61.3 20.2
61.8 19.6
62.2 19.0
62.3 18.6
62.6 18.1
63.0 17.6
63.3 17.0
63.6 16.4
63.8 15.8
64.1 15.3
64.3 14.7
64.6 14.1
64.8 13.6
65.0 13.0
65.1 12.4
65.3 11.7
65.5 11.0
65.7 10.3
65.8 9.6
66.0 9.0
66.1 8.5
66.2 8.0
66.3 7.2
66.4 6.4
66.6 5.6
66.6 4.8
66.7 4.1
66.7 3.5
66.9 2.8
66.9 2.1
67.0 1.4
67.0 0.7
67.0 0.2
67.0 -0.4
67.0 -1.0
67.0 -1.5
67.0 -2.1
67.0 -2.7
67.0 -3.2
67.0 -3.8
67.0 -4.4
67.0 -4.9
66.9 -5.5
66.9 -6.0
66.9 -6.6
66.7 -7.2
66.7 -7.7
66.7 -8.5
66.5 -9.2
66.6 -9.6
66.5 -10.6
66.4 -11.3
66.3 -11.8
66.3 -12.6
66.1 -13.5
66.1 -14.1
66.0 -14.9
65.8 -15.7
65.7 -16.4
65.6 -17.0
65.5 -17.6
65.4 -18.3
65.3 -19.0
65.2 -19.6
65.0 -20.3
64.9 -20.9
64.8 -21.5
64.7 -22.0
64.9 -22.9
64.6 -22.9
64.8 -23.4
64.6 -23.8
64.6 -24.5
64.4 -25.4
64.3 -26.0
64.2 -26.5
64.0 -27.3
63.9 -28.0
63.7 -29.0
63.5 -29.9
63.3 -30.6
63.1 -31.4
62.9 -32.0
62.6 -32.6
62.4 -33.4
62.1 -34.1
61.9 -34.7
61.6 -35.4
61.2 -36.2
60.9 -36.8
60.6 -37.4
60.3 -38.0
59.9 -38.6
59.4 -39.2
59.0 -39.7
58.7 -40.2
58.2 -40.7
57.8 -41.2
57.4 -41.6
57.0 -42.1
56.5 -42.5
56.1 -42.8
55.7 -43.1
55.3 -43.5
54.8 -43.8
54.4 -44.0
54.0 -44.3
53.5 -44.5
53.1 -44.7
52.7 -44.9
52.3 -45.1
51.8 -45.3
51.4 -45.4
51.0 -45.6
50.5 -45.7
50.1 -45.8
49.7 -45.9
49.3 -46.0
48.8 -46.1
48.4 -46.1
48.0 -46.2
47.6 -46.3
47.1 -46.3
46.7 -46.3
46.3 -46.4
45.8 -46.4
45.4 -46.4
45.0 -46.4
44.6 -46.4
44.1 -46.4
43.7 -46.3
43.3 -46.3
42.9 -46.3
42.4 -46.2
42.0 -46.0
41.6 -45.9
41.1 -45.8
40.7 -45.6
40.3 -45.5
39.9 -45.3
39.4 -45.1
39.0 -44.9
38.6 -44.8
38.1 -44.6
37.7 -44.4
37.3 -44.2
36.9 -44.0
36.4 -43.7
36.0 -43.5
35.6 -43.2
35.2 -42.9
34.7 -42.6
34.3 -42.2
33.9 -41.9
33.4 -41.5
33.0 -41.1
32.6 -40.6
32.2 -40.0
31.7 -39.5
31.4 -39.0
31.2 -38.4
30.9 -37.7
30.8 -37.2
30.6 -36.6
30.5 -36.0
30.4 -35.3
30.4 -34.7
30.4 -33.9
30.5 -33.1
30.7 -32.3
30.8 -31.6
31.0 -30.9
31.2 -30.1
31.4 -29.6
31.6 -29.0
31.8 -28.4
32.2 -27.8
32.5 -27.1
32.8 -26.5
33.1 -25.9
33.4 -25.4
33.8 -24.8
34.2 -24.1
34.6 -23.6
35.0 -23.1
35.4 -22.5
35.8 -22.0
36.2 -21.5
36.5 -21.0
37.0 -20.4
37.3 -19.9
37.6 -19.3
38.0 -18.7
38.4 -18.0
38.7 -17.4
39.0 -16.7
39.3 -16.1
39.6 -15.4
39.8 -14.8
40.0 -14.3
40.3 -13.6
40.5 -12.7
40.7 -11.7
40.8 -10.8
40.8 -10.3
40.9 -9.8
40.8 -8.8
40.6 -8.0
40.5 -7.3
40.2 -6.6
40.0 -6.1
39.6 -5.7
39.5 -5.2
39.1 -4.7
38.7 -4.2
38.3 -3.8
37.8 -3.4
37.4 -3.1
37.0 -2.8
36.5 -2.5
36.1 -2.2
35.7 -2.0
35.3 -1.8
34.8 -1.6
34.4 -1.4
34.0 -1.2
33.5 -1.0
33.1 -0.8
32.7 -0.7
32.3 -0.6
31.8 -0.4
31.4 -0.3
31.0 -0.2
30.6 -0.1
30.1 0.0
29.7 0.1
29.3 0.1
28.8 0.1
28.4 0.1
28.0 0.1
27.6 0.1
27.1 0.1
26.7 0.1
26.3 0.1
25.9 0.1
25.4 0.1
25.0 0.1
24.6 0.1
24.1 0.1
23.7 0.1
23.3 0.1
22.9 0.1
22.4 0.1
22.0 0.1
21.6 0.1
21.1 0.1
20.7 0.1
20.3 0.1
19.9 0.1
19.4 0.1
19.0 0.1
18.6 0.1
18.2 0.1
17.7 0.1
17.3 0.1
16.9 0.1
16.4 0.1
16.0 0.1
15.6 0.1
15.2 0.1
14.7 0.1
14.3 0.1
13.9 0.1
13.4 0.1
13.0 0.1
12.6 0.1
12.2 0.1
11.7 0.1
11.3 0.1
10.9 0.1
10.5 0.1
10.0 0.1
9.6 0.1
9.2 0.1
8.7 0.1
8.3 0.1
7.9 0.1
7.5 0.1
7.0 0.1
6.6 0.1
6.2 0.1
5.7 0.1
5.3 0.1
4.9 0.1
4.5 0.1
4.0 0.1
3.6 0.1
3.2 0.1
2.8 0.1
2.3 0.1
1.9 0.1
1.5 0.1
1.0 0.1
0.6 0.1
0.2 0.1
-0.2 0.1
-0.7 0.1
-1.1 0.1
-1.5 0.1
-1.9 0.1
-2.4 0.1
-2.8 0.1
-3.2 0.1
-3.7 0.1
-4.1 0.1
-4.5 0.1
-4.9 0.1
-5.4 0.1
-5.8 0.1
-6.2 0.1
-6.7 0.1
-7.1 0.0
-7.5 0.0
-7.9 0.0
-8.4 0.0
-8.8 0.0
-9.2 0.0
-9.6 0.0
-10.1 0.0
-10.5 0.0
-10.9 0.0
-11.4 0.0
-11.8 0.0
-12.2 0.0
-12.6 0.0
-13.1 0.0
-13.5 0.0
-13.9 0.0
-14.4 0.0
-14.8 0.0
-15.2 0.0
-15.6 0.0
-16.1 0.0
-16.5 0.0
-16.9 0.0
-17.3 0.0
-17.8 0.0
-18.2 0.0
-18.6 0.0
-19.1 0.0
-19.5 0.0
-19.9 0.0
-20.3 0.0
-20.8 0.0
-21.2 0.0
-21.6 0.0
-22.0 0.0
-22.5 0.0
-22.9 0.0
-23.3 0.0
-23.8 0.0
-24.2 0.0
-24.6 0.0
-25.0 0.0
-25.5 0.0
-25.9 0.0
-26.3 0.0
-26.8 0.0
-27.2 0.0
-27.6 0.0
-28.0 0.0
-28.5 0.0
-28.9 0.0
-29.3 0.0
-29.7 0.0
-30.2 0.0
-30.6 -0.0
-31.0 -0.1
-31.5 -0.3
-31.9 -0.4
-32.3 -0.6
-32.7 -0.7
-33.2 -0.9
-33.6 -1.2
-34.0 -1.4
-34.5 -1.6
-34.9 -1.9
-35.3 -2.2
-35.7 -2.6
-36.2 -3.0
-36.6 -3.5
-37.0 -4.0
-37.3 -4.5
-37.7 -5.2
-38.0 -5.7
-38.2 -6.3
-38.4 -6.9
-38.6 -7.5
-38.7 -8.1
-38.8 -8.8
-38.9 -9.6
-39.0 -10.5
-39.0 -11.0
-39.0 -11.6
-39.0 -12.2
-39.0 -12.8
-38.9 -13.4
-38.9 -14.0
-38.8 -14.7
-38.7 -15.3
-38.5 -16.1
-38.4 -16.9
-38.2 -17.5
-38.1 -18.2
-37.9 -19.0
-37.5 -19.5
-37.2 -20.1
-37.0 -20.6
-36.8 -21.1
-36.6 -21.7
-36.4 -22.3
-36.2 -22.9
-35.9 -23.6
-35.8 -24.1
-35.6 -24.8
-35.5 -25.4
-35.4 -25.9
-35.3 -26.5
-35.2 -27.1
-35.0 -27.7
-35.1 -28.4
-35.0 -29.0
-35.0 -29.5
-35.0 -29.9
-35.0 -30.6
-35.1 -31.5
-35.2 -32.2
-35.4 -33.0
-35.6 -33.8
-35.9 -34.4
-36.2 -35.2
-36.5 -35.7
-36.8 -36.2
-37.2 -36.8
-37.6 -37.3
-38.0 -37.8
-38.4 -38.2
-38.8 -38.7
-39.3 -39.0
-39.7 -39.4
-40.1 -39.7
-40.5 -40.0
-41.0 -40.3
-41.4 -40.6
-41.8 -40.8
-42.3 -41.1
-42.7 -41.3
-43.1 -41.5
-43.5 -41.7
-44.0 -41.9
-44.4 -42.1
-44.8 -42.3
-45.2 -42.4
-45.7 -42.6
-46.1 -42.8
-46.5 -42.9
-47.0 -43.0
-47.4 -43.2
-47.8 -43.3
-48.2 -43.4
-48.7 -43.5
-49.1 -43.6
-49.5 -43.6
-50.0 -43.7
-50.4 -43.7
-50.8 -43.7
-51.2 -43.7
-51.7 -43.7
-52.1 -43.7
-52.5 -43.7
-52.9 -43.7
-53.4 -43.7
-53.8 -43.6
-54.2 -43.6
-54.7 -43.5
-55.1 -43.4
-55.5 -43.3
-55.9 -43.2
-56.4 -43.1
-56.8 -42.9
-57.2 -42.7
-57.7 -42.5
-58.1 -42.4
-58.5 -42.1
-58.9 -41.8
-59.4 -41.6
-59.8 -41.2
-60.2 -40.8
-60.6 -40.5
-61.1 -40.0
-61.5 -39.5
-61.9 -39.0
-62.2 -38.5
-62.7 -38.0
-63.0 -37.4
-63.3 -36.8
-63.5 -36.3
-63.7 -35.8
-64.0 -35.2
-64.2 -34.6
-64.4 -33.9
-64.6 -33.4
-64.8 -32.7
-64.9 -32.0
-65.1 -31.4
-65.2 -30.8
-65.4 -30.2
-65.5 -29.5
-65.6 -28.8
-65.6 -28.2
-65.7 -27.7
-65.7 -27.1
-65.8 -26.3
-65.9 -25.5
-65.9 -24.9
-65.9 -24.3
-66.0 -23.9
-66.0 -23.4
-66.0 -22.9
-66.0 -22.3
-66.0 -21.7
-66.0 -21.2
-66.0 -20.6
-66.0 -20.0
-66.0 -19.5
-66.0 -18.9
-66.0 -18.3
-66.0 -17.8
-66.0 -17.2
-66.0 -16.6
-66.0 -16.1
-66.0 -15.5
-66.0 -14.9
-66.0 -14.4
-66.0 -13.8
-66.0 -13.2
-66.0 -12.7
-66.0 -12.1
-66.0 -11.5
-66.0 -11.0
-66.0 -10.4
-66.0 -9.8
-66.0 -9.2
-66.2 -8.6
-66.2 -8.0
-66.2 -7.4
-66.2 -6.9
-66.2 -6.3
-66.2 -5.7
-66.2 -5.2
-66.2 -4.6
-66.2 -4.0
-66.2 -3.5
-66.2 -2.9
-66.2 -2.3
-66.2 -1.8
-66.2 -1.2
-66.2 -0.6

